45
42
61
67
80
103
55
25
90
9
65
67
1
95
37
13
48
22
55
38
107
107
10
74
79
43
60
90
23
90
62
67
86
105
90
74
50
88
75
37
32
20
20
32
83
64
88
8
79
20
13
62
27
25
38
11
27
46
73
70
30
4
36
91
33
14
43
29
105
22
50
103
12
62
89
88
52
27
102
98
13
4
90
98
85
77
108
107
75
79
101
98
105
24
66
38
98
85
7
58
44
18
47
31
91
52
103
88
3
19
21
73
45
31
76
57
1
64
102
54
77
47
86
10
103
2
23
0
25
79
54
45
33
72
53
40
82
58
77
37
20
41
32
15
56
41
78
23
94
83
24
94
24
74
26
14
67
93
97
69
99
59
6
72
87
20
22
57
51
35
104
81
33
82
3
99
30
90
67
60
48
48
92
99
52
90
36
47
62
55
57
57
20
83
109
78
18
64
69
104